1 17 19
-1 13 14
-1 13 14
1 19 22
-1 11 11
1 28 31
-1 16 17
1 20 22
-1 12 13
1 17 19
1 17 19
1 20 23
1 22 25
-1 13 14
1 19 22
1 22 25
-1 11 11
1 17 19
-1 13 14
1 18 20
1 18 19
1 17 19
1 23 27
1 27 33
1 17 19
1 13 13
1 23 27
1 17 19
1 23 25
1 23 27
1 22 25
1 24 25
1 23 25
-1 13 14
1 17 19
-1 14 15
1 17 18
-1 15 16
-1 15 16
-1 13 14
1 17 19
-1 13 14
1 19 22
1 17 19
1 12 12
1 23 27
1 22 25
1 17 19
1 20 22
1 16 17
1 26 30
1 26 30
1 19 21
1 19 21
-1 14 15
1 17 19
1 21 22
1 25 29
1 23 27
1 19 20
1 17 19
-1 11 11
1 23 24
1 20 22
-1 16 17
-1 16 17
1 20 23
1 23 27
1 19 21
-1 14 15
1 26 30
1 16 18
-1 16 17
1 23 27
1 18 19
-1 10 10
-1 16 17
-1 16 17
1 17 19
1 19 22
1 12 12
1 25 28
1 16 18
-1 11 11
1 23 27
1 23 27
1 16 18
-1 12 12
-1 13 14
1 23 27
1 25 29
1 19 22
1 23 27
1 19 22
1 19 20
1 25 28
1 18 20
-1 13 14
1 15 17
-1 16 17
1 23 27
1 26 28
1 19 22
1 23 27
1 17 19
1 20 23
1 25 28
1 19 22
1 28 33
-1 24 25
-1 11 11
1 15 17
-1 13 13
-1 16 17
1 12 13
-1 10 10
1 21 22
1 23 27
-1 21 22
-1 13 14
1 25 28
1 21 24
-1 17 18
-1 11 11
1 19 22
1 20 22
1 21 22
1 15 17
-1 14 14
-1 11 11
-1 19 20
-1 11 11
-1 21 23
1 22 25
-1 11 11
1 20 23
1 22 25
-1 13 14
-1 11 11
1 16 17
-1 11 11
-1 20 22
-1 12 12
-1 11 11
1 16 17
1 16 17
-1 13 14
1 15 17
1 20 22
-1 12 12
1 12 13
1 22 25
1 15 17
-1 12 13
-1 14 14
-1 12 13
1 20 23
1 20 22
1 20 23
-1 14 14
1 26 30
1 24 25
1 22 25
1 22 25
1 19 22
1 23 26
1 22 25
-1 11 11
1 13 13
1 17 19
1 24 25
1 12 13
1 21 22
1 22 25
-1 22 24
1 12 13
1 20 22
1 13 14
-1 22 23
1 28 33
-1 11 11
-1 14 15
1 22 25
1 22 25
-1 13 13
-1 12 13
1 21 24
-1 16 18
